100
2965 769993 4
5303 577653 4
2433 588437 7
2035 587687 6
5272 393026 2
2851 217912 4
8135 346033 4
22322 22322 1
1551 635917 7
1108 708286 6
701 837097 8
646 753992 3
0 100 2
1329 665400 3
1056 45030 4
9929 160753 4
9385 146808 1
6311 744038 5
1363 123520 8
8145 485026 9
7998 968182 1
852 514597 2
8483 164651 3
8764 690922 4
886 56750 8
1616 875376 6
7558 716225 8
7977 626769 9
352 116029 3
3127 909969 3
100000 1000000000000000000 3
8429 327368 2
9412 458712 2
7668 468727 8
10 22322 2
3825 934105 6
121 121 11
1002 914907 8
21345 4441283 13
8989 909410 5
8129 512819 4
5230 55195 9
8892 186601 5
121 132 1
4153 196591 1
6916 519450 6
1209 371972 7
1033 109791 2
121 131 1
2519 171840 3
7243 39232 6
999 99999 78788
1396 974496 5
9597 30751 2
4945 279540 7
5579 763362 2
8984 321196 7
3976 759716 7
2739 884729 5
34432 9999920 222
3748 207521 4
39 1000000 3
3568 887100 8
4401 792858 5
9628 221919 9
3376 156586 6
7597 115191 5
2590 45700 5
5992 237133 9
9151 163110 6
2228 961000 6
2499 989424 7
9352 507517 9
0 1000000000000000000 1000000000
6153 882984 8
8324 696474 7
1813 539974 3
5759 165757 6
2871 611476 1
6673 645665 9
4131 988357 1
6760 325542 7
9523 81976 5
3207 523325 2
3491 376189 1
2684 313879 3
1712 931656 3
4766 385349 3
490 499674 1
1405 52064 3
5541 34105 7
8621 305784 1
9705 834597 8
0 1000000000000000000 1
1000000000 1000000000000000000 1
5630 555906 6
1516 476245 5
0 132 1
2789 205886 5
2791 674701 5
