100
7742461
3
9999997
5001361
1221469
3877633
6704676
9999161
86293
7
6697461
10
9309119
1144
6
5
3132736
3702389
8184167
5388168
9516811
9
4461641
3410821
3949061
4936439
9999929
8873129
2
1862603
4461643
592432
2872729
2196613
6463741
5462959
9999930
10000000
9971849
4572049
4170220
13
12
9682616
9999996
3323191
559513
2360890
5094841
8697851
6987083
5103067
9987391
9999998
1481717
3929879
4461642
2044523
7783893
9325574
2610613
615403
9999973
8460583
11
5331653
3023326
8248729
3910981
1403870
9999163
1750607
8291470
4751053
9999931
4
1
9010879
8237213
4046177
9999991
9999162
3855409
3191803
9999972
9999971
7203246
9999995
8603593
8763892
1264969
2896297
9999999
6513281
4125389
8
1507483
140839
1281246
6537523
