100
837 81
239 20
908 56
443 91
363 69
965 51
582 60
808 71
745 5
494 92
177 61
2 2
13 37
1000 98
500 44
2 95
2 50
537 11
413 35
712 1
1000 95
633 94
1000 4
2 96
440 28
108 30
81 39
109 76
755 11
642 34
125 51
246 78
5 75
2 5
906 56
355 11
635 54
823 3
295 30
289 65
871 75
924 39
1000 96
1000 3
93 3
398 61
894 97
67 45
918 38
744 3
930 46
835 62
451 5
270 26
140 74
838 46
977 44
728 33
61 39
2 97
824 54
432 88
252 96
397 40
875 93
551 71
958 86
656 95
915 30
1000 99
289 48
387 98
2 99
453 71
3 10
40 62
1000 97
744 91
30 46
2 1
583 72
2 3
424 35
978 10
793 69
801 16
2 4
226 22
204 41
1000 1
312 23
950 95
758 85
279 28
439 40
171 6
1000 5
1000 2
555 27
2 98
