95
352 116029 3
3207 523325 2
1033 109791 2
7998 968182 1
6760 325542 7
121 131 1
3976 759716 7
4131 988357 1
10 22322 2
8621 305784 1
2871 611476 1
8483 164651 3
4153 196591 1
5303 577653 4
1000000000 1000000000000000000 1
3748 207521 4
6673 645665 9
2791 674701 5
8989 909410 5
2228 961000 6
5630 555906 6
2519 171840 3
701 837097 8
1813 539974 3
9412 458712 2
3568 887100 8
9385 146808 1
1108 708286 6
1209 371972 7
22322 22322 1
7243 39232 6
121 121 11
9597 30751 2
34432 9999920 222
1002 914907 8
9523 81976 5
8429 327368 2
2965 769993 4
5759 165757 6
2035 587687 6
1363 123520 8
7977 626769 9
1396 974496 5
121 132 1
7668 468727 8
3825 934105 6
886 56750 8
6916 519450 6
0 100 2
2499 989424 7
3127 909969 3
8129 512819 4
9929 160753 4
21345 4441283 13
999 99999 78788
7597 115191 5
39 1000000 3
4766 385349 3
5230 55195 9
2789 205886 5
852 514597 2
1516 476245 5
8764 690922 4
8135 346033 4
4945 279540 7
490 499674 1
2684 313879 3
0 1000000000000000000 1000000000
100000 1000000000000000000 3
4401 792858 5
2851 217912 4
8892 186601 5
5272 393026 2
6153 882984 8
5579 763362 2
2433 588437 7
1551 635917 7
9628 221919 9
3376 156586 6
646 753992 3
7558 716225 8
5541 34105 7
2590 45700 5
3491 376189 1
5992 237133 9
1405 52064 3
1056 45030 4
2739 884729 5
8984 321196 7
0 1000000000000000000 1
9352 507517 9
6311 744038 5
0 132 1
1616 875376 6
1329 665400 3
