99
0 1000000000000000000 567132
0 1000000000000000000 567132
0 1000000000000000000 567132
0 1000000000000000000 567132
0 1000000000000000000 567132
0 1000000000000000000 567132
0 1000000000000000000 567132
0 1000000000000000000 567132
0 1000000000000000000 567132
0 1000000000000000000 567132
0 1000000000000000000 567132
0 1000000000000000000 567132
0 1000000000000000000 567132
0 1000000000000000000 567132
0 1000000000000000000 567132
0 1000000000000000000 567132
0 1000000000000000000 567132
0 1000000000000000000 567132
0 1000000000000000000 567132
0 1000000000000000000 567132
0 1000000000000000000 567132
0 1000000000000000000 567132
0 1000000000000000000 567132
0 1000000000000000000 567132
0 1000000000000000000 567132
0 1000000000000000000 567132
0 1000000000000000000 567132
0 1000000000000000000 567132
0 1000000000000000000 567132
0 1000000000000000000 567132
0 1000000000000000000 567132
0 1000000000000000000 567132
0 1000000000000000000 567132
0 1000000000000000000 567132
0 1000000000000000000 567132
0 1000000000000000000 567132
0 1000000000000000000 567132
0 1000000000000000000 567132
0 1000000000000000000 567132
0 1000000000000000000 567132
0 1000000000000000000 567132
0 1000000000000000000 567132
0 1000000000000000000 567132
0 1000000000000000000 567132
0 1000000000000000000 567132
0 1000000000000000000 567132
0 1000000000000000000 567132
0 1000000000000000000 567132
0 1000000000000000000 567132
0 1000000000000000000 567132
0 1000000000000000000 567132
0 1000000000000000000 567132
0 1000000000000000000 567132
0 1000000000000000000 567132
0 1000000000000000000 567132
0 1000000000000000000 567132
0 1000000000000000000 567132
0 1000000000000000000 567132
0 1000000000000000000 567132
0 1000000000000000000 567132
0 1000000000000000000 567132
0 1000000000000000000 567132
0 1000000000000000000 567132
0 1000000000000000000 567132
0 1000000000000000000 567132
0 1000000000000000000 567132
0 1000000000000000000 567132
0 1000000000000000000 567132
0 1000000000000000000 567132
0 1000000000000000000 567132
0 1000000000000000000 567132
0 1000000000000000000 567132
0 1000000000000000000 567132
0 1000000000000000000 567132
0 1000000000000000000 567132
0 1000000000000000000 567132
0 1000000000000000000 567132
0 1000000000000000000 567132
0 1000000000000000000 567132
0 1000000000000000000 567132
0 1000000000000000000 567132
0 1000000000000000000 567132
0 1000000000000000000 567132
0 1000000000000000000 567132
0 1000000000000000000 567132
0 1000000000000000000 567132
0 1000000000000000000 567132
0 1000000000000000000 567132
0 1000000000000000000 567132
0 1000000000000000000 567132
0 1000000000000000000 567132
0 1000000000000000000 567132
0 1000000000000000000 567132
0 1000000000000000000 567132
0 1000000000000000000 567132
0 1000000000000000000 567132
0 1000000000000000000 567132
0 1000000000000000000 567132
0 1000000000000000000 567132